k Linear Monopole Quadrupole Hexadecapole
1e-05 190.75486404669007 102.97062663251714 55.89792048293986 3.6727369741019746
1.0233402121916423e-05 195.07200661813826 105.30947432807201 57.16757115594764 3.7561585672380904
1.0472251898884354e-05 199.4868513941148 107.70325004742274 58.467039591880784 3.8415393024205517
1.0716676480328643e-05 204.00160928083997 110.15185481653907 59.79627208208505 3.9288756554912534
1.0966805983368674e-05 208.6185412069919 112.65518974242882 61.15521491934683 4.018164110646104
1.1222773562085072e-05 213.33995925532665 115.21315915023966 62.54381614391105 4.1094012698533
1.148471547840289e-05 218.16822783834388 117.82621614134003 63.96232176291128 4.202603248105477
1.1752771174629452e-05 223.10576490513768 120.49598001378912 65.41161081752718 4.297827865823212
1.202708334768512e-05 228.1550431199307 123.22421912124447 66.89264338654127 4.395138167382101
1.2307798025066658e-05 233.31859109494314 126.01270193013946 68.40637942646617 4.494597207980583
1.2595064642583589e-05 238.5989946561049 128.86319678270132 69.95377900531476 4.596268109238042
1.2889036123908916e-05 243.99889813739867 131.77747216347055 71.53580220690233 4.700213921399197
1.3189868961986692e-05 249.52100570448144 134.75729644320342 73.15340899119364 4.806497725910991
1.3497723302339418e-05 255.16808270823546 137.80443813147255 74.80755947146896 4.915182595594719
1.3812763028320094e-05 260.9429570689445 140.9206655542064 76.49921364466566 5.026331650515198
1.4135155848353956e-05 266.84852069114197 144.10774703784253 78.22933145776415 5.140007901568215
1.4465073385216472e-05 272.88773082340083 147.36742963963658 79.99886135118746 5.256273745400474
1.4802691267395101e-05 279.0636114373678 150.70141731695568 81.80872808181279 5.375189856478132
1.5148189222583474e-05 285.3792548838465 154.11140907531492 83.65985385631214 5.496816888470462
1.5501751173357687e-05 291.83782345955376 157.59910385606995 85.55316075133629 5.621215363192013
1.5863565335085898e-05 298.4425509885 161.16620075050113 87.48957091599826 5.748445930805517
1.623382431612278e-05 305.1967444390931 164.81439859264802 89.4700064982884 5.878569182088804
1.661272522034293e-05 312.1037855777873 168.5453965225636 91.49538953929542 6.011645670675423
1.700046975206718e-05 319.16713266009276 172.36089343089495 93.56664227595445 6.147735958610945
1.7397264323438025e-05 326.3903221597891 176.26258832236184 95.68468675422251 6.28690070697225
1.7803320164301157e-05 333.77697053666236 180.2521819238063 97.85044604037918 6.429200481805324
1.821885343465165e-05 341.3307759820125 184.33156019033342 100.06494406976083 6.574702634407268
1.8644085339704853e-05 349.05552020222046 188.50296180523645 102.32939670699845 6.723487025560415
1.907924224765265e-05 356.95507040707264 192.768665039648 104.6450412358097 6.875634889650872
1.952455581016861e-05 365.0333812551939 197.1309480369514 107.01311522446203 7.031227659156081
1.9980263085725506e-05 373.29449683022443 201.59208901535558 109.43485592757214 7.1903465214357025
2.0446606665791178e-05 381.7425526616191 206.15436624427605 111.91150076680732 7.353072831007259
2.092383480396979e-05 390.3817777910666 210.82005798242292 114.44428718696898 7.5194878984629305
2.1412201548157315e-05 399.2164968855753 215.5914424754199 117.03445258437749 7.689672989196372
2.1911966875781472e-05 408.2511323982549 220.47079799146485 119.68323432132796 7.86370944047668
2.242339683219845e-05 417.49020677602357 225.46040443908154 122.39187074408035 8.041678586166336
2.294676367231936e-05 426.93834454211776 230.5626959099414 125.16168276430957 8.223667278671428
2.3482346005542763e-05 436.60027443987985 235.78038410846014 127.99414024831756 8.409771980025493
2.4030428944069695e-05 446.4808320585551 241.11620986164476 130.89072863187184 8.600090417424079
2.4591304254680463e-05 456.58496227864936 246.5729139740637 133.8529332946502 8.794720081978575
2.516527051405389e-05 466.9177217394736 252.1532373861947 136.8822398111788 8.993758629858903
2.5752633267711988e-05 477.48428136232764 257.85992087397597 139.98013357580496 9.197303673341223
2.6353705192673932e-05 488.2899289305628 263.69570531523726 143.14810007820932 9.405452761419744
2.6968806263906926e-05 499.3400717278187 269.66333170216853 146.38762468959692 9.618303532718485
2.7598263924661804e-05 510.6402392357377 275.765540848337 149.70019302416696 9.835953582637309
2.8242413260784356e-05 522.1960858877321 282.00507793554914 153.08729279052287 10.058500668335158
2.8901597179095115e-05 534.0133935097081 288.38501906761127 156.55059552056002 10.286054629831668
2.9576166589932566e-05 546.0980738831188 294.9090052581953 160.0920861674343 10.518745867807814
3.026648059395689e-05 558.4561722352859 301.5807327371388 163.7137802175692 10.756706773348943
3.0972906673314065e-05 571.0938703106393 308.4038976954006 167.41769330637132 11.00006981156825
3.1695820887261155e-05 584.0174894483662 315.3821965193381 171.20584104330771 11.248967459757043
3.2435608072358115e-05 597.2334937292926 322.5193254530319 175.0802390017896 11.503532083613589
3.31926620473319e-05 610.748493193552 329.81898078174805 179.0429027808724 11.763896163297145
3.3967385822722094e-05 624.5692471306133 337.2848589759507 183.0958479998225 12.030192099307195
3.476019181541981e-05 638.7026674433102 344.92065629863407 187.24109030287727 12.302552343326298
3.557150206821382e-05 653.1558220775444 352.7300689842641 191.48064493264212 12.581109277385167
3.640174847446138e-05 667.935937860742 360.71677189051667 195.81650029357033 12.865993574086385
3.7251373008002096e-05 683.0504035860563 368.88440584540285 200.25060122797285 13.15733300732883
3.812082795843888e-05 698.5067746141625 377.2366085707977 204.7848887099041 13.455255133406657
3.9010576171909934e-05 714.3127767196634 385.77701778281556 209.4213037283268 13.759887428257663
3.9921091297480534e-05 730.4763099247056 394.5092712379893 214.16178714258922 14.071357447092343
4.0852858039285654e-05 747.0054524185554 403.4370067229387 219.0082800494909 14.389792759424731
4.180637241455762e-05 763.9084645650311 412.56386210672713 223.9627233934336 14.715320851924139
4.278214201767613e-05 781.1937929997575 421.8934752224158 229.02705820967654 15.048069255126087
4.3780686290381665e-05 798.8700748192551 431.42948402866665 234.20322554575296 15.388165520910832
4.48025367982949e-05 816.9461418377487 441.17555556317296 239.49318328911977 15.73573827790912
4.584823751389096e-05 835.4310234321363 451.13705456046375 244.89987049810395 16.090980638683973
4.691834510607799e-05 854.3339499936812 461.3219477596977 250.4277304135186 16.45418449889461
4.801342923653455e-05 873.6643595066225 471.73842275348534 256.0813338061872 16.825650250857866
4.913407286296367e-05 893.4319023995492 482.3946669939506 261.8652513360062 17.205678100633172
5.028087254942475e-05 913.6464463071165 493.29886815318486 267.7840538065158 17.594568502010453
5.1454438783909244e-05 934.3180809379015 504.45921383107435 273.8423119966167 17.992621652133593
5.265539630332755e-05 955.4571230507216 515.8838918873702 280.0445967987339 18.400137904268203
5.3884384426082236e-05 977.0741215418636 527.5810901002208 286.3954790553995 18.817417553432417
5.514205739240302e-05 999.1798626456238 539.5589965831597 292.89952968038705 19.24476095020113
5.642908471262542e-05 1021.7853751921878 551.8257457869083 299.56128813937937 19.68246631338068
5.774615152359826e-05 1044.9019330582566 564.3867596292845 306.38369575367835 20.130726871278608
5.909395895340977e-05 1068.5410589703522 577.2435168343558 313.3673707703873 20.58958323194317
6.047322449462643e-05 1092.7145339113158 590.3971858670154 320.5127487960151 21.05906395753334
6.188468238624383e-05 1117.4344032171043 603.848935048788 327.8202653116422 21.539197605793653
6.332908400455115e-05 1142.7129824686597 617.599933082609 335.29035590125665 22.030012787578386
6.480719826311971e-05 1168.5628635139487 631.6513484858166 342.9234561102272 22.531538046948725
6.631981202212676e-05 1194.9969206229803 646.0043498249909 350.7200015519029 23.043801990041857
6.786773050723303e-05 1222.028316778707 660.6601058217742 358.680427806946 23.566833201888503
6.945177773823689e-05 1249.670510106785 675.6197851478593 366.80517054373604 24.10066021616292
7.107279696773412e-05 1277.9372603121797 690.8846736419282 375.0947317895877 24.645315985743608
7.273165113001454e-05 1306.842629360145 706.461272648446 383.552574903913 25.20102809370298
7.442922330043758e-05 1336.400985260008 722.3632737474393 392.18624562979335 25.768292304820584
7.616641716552892e-05 1366.6270162975034 738.6048932970493 401.0035875801441 26.34762406167099
7.794415750404951e-05 1397.5357387167398 755.2003478355623 410.01244435756036 26.93953879315544
7.97633906792928e-05 1429.1425039642495 772.1638540100942 419.2206597794443 27.544551788938595
8.162508514287237e-05 1461.4630060907093 789.5096288073732 428.6360776669374 28.1631785580409
8.35302319502677e-05 1494.5132893137336 807.2518893034976 438.2665419658443 28.79593440828498
8.547984528840405e-05 1528.3097557451651 825.4048529483495 448.11989669910855 29.443334798021386
8.747496301554415e-05 1562.8691732863447 843.9827372999913 458.20398601883755 30.10589512877131
8.951664721378302e-05 1598.2086833919873 862.9996919587107 468.5266152957748 30.784128217806554
9.16059847544371e-05 1634.345797359623 882.4671706462972 479.0940607065547 31.478446441709483
9.374408787663e-05 1671.2983995191041 902.3931019280894 489.9105982493997 32.189130741661835
9.59320947793825e-05 1709.084769517295 922.785176511389 500.980369092519 32.916453122625825
9.817117022752184e-05 1747.7235919850684 943.6510854141701 512.3075144915822 33.660685671493574
0.00010046250617173403 1787.233965355768 964.99851964981 523.8961756859264 34.42210046679803
0.00010280732238308647 1827.635410871138 986.8351706297475 535.7504940889073 35.20096951723191
0.00010520686710236228 1868.9478817785605 1009.1687298494562 547.8746111158852 35.997564886623216
0.00010766241770454933 1911.1917727235668 1032.006889102827 560.2726683858875 36.81215865724283
0.00011017528137883873 1954.3879293415764 1055.357340303455 572.9488074810356 37.6450228708487
0.00011274679582449473 1998.5576573893147 1079.2278501404724 585.9072110958344 38.49643225479203
0.00011537832996296608 2043.722709499226 1103.6288006035877 599.1535000202928 39.36675608468228
0.0001180712846666189 2089.9052868238364 1128.5738187037512 612.6950793904092 40.25648087230865
0.0001208270935044776 2137.1280749405205 1154.0767339866966 626.5394656755132 41.166100456406376
0.0001236472235053715 2185.414255971966 1180.1513762617487 640.6941754840967 42.09610862554527
0.0001265331759388943 2234.7875191551966 1206.81157588047 655.1667255500631 43.0469992183244
0.0001294864871145905 2285.272071626698 1234.0711634806516 669.9646327975319 44.01926609008676
0.0001325087291997954 2336.8926494277034 1261.9439699805646 685.095414302234 45.0134030002454
0.00013560151105656334 2389.6745287339195 1290.4438268988652 700.5665872706346 46.02990379523492
0.00013876647909813084 2443.6435373140043 1319.5845660209118 716.3856690814122 47.06926232305942
0.00014200531816536816 2498.8260648162827 1349.3800487979167 732.560192962995 48.13197341381174
0.00014531975242368955 2555.2490307568382 1379.8450551925969 749.0981859114 49.21856440605651
0.00014871154628089538 2612.9398833769687 1410.995446249316 766.0082559603621 50.329600768360905
0.0001521825053264387 2671.9266581567795 1442.8471457611397 783.2990448761609 51.46565022076578
0.0001557344772926135 2732.237992866734 1475.4160780144807 800.9791945497628 52.62728048776883
0.00015936935303817744 2793.903139930776 1508.718167750837 819.0573470192219 53.81505919124859
0.00016308906755493327 2856.9519790259046 1542.769340337452 837.5421446654118 55.02955412009036
0.0001668956009978023 2921.415029922163 1577.5855216927382 856.4422301152158 56.27133287724451
0.00017079097973894268 2987.3234655671076 1613.1826383382472 875.7662460905622 57.5409632497432
0.00017477727744646807 3054.7091254188945 1649.5766175080228 895.5228357022818 58.83901296356564
0.0001788566161883462 3123.6045261996164 1686.783449110918 915.7206760362826 60.16605184714122
0.00018303116756206132 3194.042796237659 1724.8208846162515 936.3694020606308 61.52271285994
0.00018730315385064386 3266.0576704528808 1763.7086439541367 957.479718964224 62.90969911948972
0.0001916748492056815 3339.6835845703163 1803.466551385645 979.0623885884905 64.32771759190268
0.00019614858085794293 3414.955693435525 1844.1144320644357 1001.1281731990737 65.77747515419372
0.00020072673035625684 3491.9098849429915 1885.6721118939404 1023.6878352801202 67.25967870238063
0.00020541173483530642 3570.582794201006 1928.1594177676498 1046.752137755979 68.77503516790357
0.00021020608831301584 3651.0118179357814 1971.5961774606226 1070.3318438950855 70.324251447465
0.00021511234301821672 3733.2351291380314 2016.0022195801484 1094.4377172484064 71.90803448384766
0.00022013311074930324 3817.291691954861 2061.3973738013165 1119.0805219615434 73.52709110737896
0.00022527106426459804 3903.2212715112564 2107.8015463155994 1144.271063350796 75.1821310080591
0.00023052893870517083 3991.0643147611436 2155.2365805187683 1170.0211982202832 76.87393283320222
0.00023590953305086337 4080.861941800401 2203.7263742548707 1196.343898427739 78.60334851346502
0.00024141571161030178 4172.6560911375855 2253.294925810497 1223.2521900512806 80.37123352398282
0.00024705040554568255 4266.489541128067 2303.966234521198 1250.759099585475 82.17844331091423
0.00025281661443315003 4362.405924788268 2355.7643010465404 1278.8776541015511 84.0258333187355
0.0002587174078595924 4460.449744807712 2408.7131274907256 1307.6208812338787 85.91425904735436
0.00026475592705670666 4560.666388759867 2462.8367171286486 1337.0018091182023 87.84457594886536
0.0002709353865732052 4663.102144512013 2518.1590748085137 1367.033466480281 89.81763951657939
0.0002772590759860481 4767.804215834813 2574.704206830332 1397.7288826282786 91.83430523767147
0.00028373036165162114 4874.82072905124 2632.4962194370337 1429.101140992609 93.89543208898827
0.00029035268849778137 4984.200539385468 2691.5615135714856 1461.1645706564225 96.00196083949366
0.0002971295818577334 5095.993221207373 2751.928800216986 1493.9347547462871 98.15491463341685
0.0003040646493467069 5210.249277466406 2813.626893638872 1527.4273323268296 100.35532015681528
0.0003111615827824363 5327.020163211247 2876.6846101434653 1561.6579431288085 102.60420415818932
0.0003184241601504653 5446.358299977405 2941.130767801643 1596.6422277118586 104.90259337489323
0.0003258562476153223 5568.317090274804 3006.9941867398384 1632.395827423317 107.25151454725777
0.00033346180157863627 5692.950932171927 3074.30368915029 1668.9343844476086 109.65199443147309
0.00034124487078528897 5820.315233972207 3143.0880994294535 1706.2735418373454 112.10505975824421
0.00034920959847872714 5950.4664289793045 3213.3762440225732 1744.4289434001705 114.61173729667341
0.0003573602246065788 6083.461976293444 3285.197072299184 1783.4162995111658 117.17305812654547
0.0003657010880777493 6219.360083709279 3358.582094210758 1823.2527097359468 119.7901443674871
0.0003742366290721981 6358.219702511759 3433.5652665731477 1863.956601412337 122.4642052015894
0.0003829713914046281 6500.100799994574 3510.180646593435 1905.5464558888311 125.19645329567636
0.00039191002494334023 6645.064382629434 3588.4622943392737 1948.040755770901 127.98810134927811
0.0004010572880855496 6793.172508025275 3668.4442727596984 1991.457984724956 130.84036202055466
0.0004104180502904709 6944.488296812505 3750.160647663625 2035.8166276337763 133.7544479552119
0.00041999729467153064 7099.0759444425885 3833.6454880495066 2081.1351706444834 136.73157192136387
0.00042980012064907985 7257.000732893002 3918.932865967297 2127.432101013733 139.77294658512977
0.00043983174666502236 7418.329042267302 4006.0568566536103 2174.7259075264988 142.87978470754098
0.00045009751296080464 7583.1283386280575 4095.0516759279126 2223.035154447476 146.0533037776785
0.00046060288442023985 7751.466737707742 4185.954204683747 2272.3798510154907 149.2948159537747
0.0004713534534786907 7923.413008661808 4278.803741089664 2322.7813166887604 152.60571875403554
0.00048235494310014675 8099.036963056861 4373.63967476389 2374.2609200099832 155.9874129586466
0.0004936132098237916 8278.40947595791 4470.50139940373 2426.840031175605 159.44129935885323
0.0005051342468816766 8461.602491920583 4569.42831279885 2480.540021887471 162.96877872064215
0.0005169241873891598 8648.689030615882 4670.459817014511 2535.3822657800624 166.5712518358793
0.0005289893076098151 8839.743192069684 4773.635318548215 2591.3881381746482 170.25011949266937
0.0005413360302965375 9034.840161498461 4878.994228504463 2648.5790161223963 174.00678253022346
0.0005539709281106401 9234.056213722846 4986.5759626566105 2706.9762787075347 177.84264171603076
0.0005669007271207433 9437.468678068559 5096.420082100157 2766.6013829191975 181.75910290684783
0.0005801323103833379 9645.155266479833 5208.568656860295 2827.47714261468 185.75765982122695
0.0005936727216069126 9857.194099480113 5323.065917225713 2889.6275396217648 189.83988198198816
0.0006075291689016078 10073.664254841446 5439.956169361143 2953.076596228584 194.00734140288912
0.0006217090286163827 10294.645782176254 5559.283725271967 3017.848336920971 198.26161008182135
0.0006362198492657489 10520.219697627652 5681.092902624926 3083.96678853737 202.60426007395188
0.0006510693555481455 10750.467977753695 5805.428025378961 3151.4559804314313 207.0368634073736
0.000666265452458115 10985.473552578345 5932.333423607592 3220.3399443313147 211.56099213466447
0.0006818162294944479 11225.320297781831 6061.853433816755 3290.6427147121567 216.17821841864816
0.0006977299649665538 11470.09302600215 6194.032399060293 3362.3883285582388 220.8901142564782
0.0007140151304013403 11719.877360759201 6328.914731658666 3435.6008588196114 225.69825386536996
0.0007306803950529499 11974.757882642598 6466.54587379179 3510.3049256439454 230.60424484079306
0.0007477346305177588 12234.818270642056 6606.9721106508605 3586.5255966083414 235.60972218449749
0.0007651869154570817 12500.142717561723 6750.239759231241 3664.287955372078 240.71632164953218
0.0007830465404301183 12770.815944358483 6896.395144312753 3743.6170887638064 245.9256790681916
0.0008013230128396887 13046.923168227922 7045.48459844839 3824.538086627996 251.239430232298
0.0008200260619934131 13328.55006904721 7197.554462338472 3907.0760420419506 256.6592109781023
0.0008391656442830162 13615.782754138632 7352.65108494634 3991.2560515652112 262.18665725765646
0.0008587519484845171 13908.70772131746 7510.820823806399 4077.1032151127924 267.82340488494197
0.0008787954011821319 14207.411820188818 7672.110045019018 4164.642636001015 273.57108981732136
0.0008993066723187614 14511.982132693996 7836.565107380864 4253.899410711039 279.43134694442824
0.000920296680876041 14822.504784040726 8004.2321286926335 4344.898479012572 285.4057957931558
0.0009417766006869519 15139.06504825256 8175.157043003416 4437.664660375109 291.4960438466001
0.0009637578663841089 15461.748153542838 8349.385788544141 4532.222774703001 297.7036983204206
0.0009862521794868784 15790.639248390833 8526.964313614177 4628.597646097562 304.03036656035545
0.0010092715146305707 16125.823341760883 8707.938576361052 4726.814102420045 310.4776558158218
0.0010328281259410286 16467.385241074433 8892.354545216454 4826.8969758092735 317.047173422343
0.0010569345535579883 16815.409487905796 9080.258199244478 4928.871102652391 323.740526710883
0.0010816036303107094 17169.98029137511 9271.695528119242 5032.761323567169 330.55932307441367
0.001106848488549412 17531.181459213134 9466.71253261374 5138.592483602947 337.5051699209269
0.0011326825671361539 17899.096059038693 9665.354890675579 5246.389247433411 344.57966185577436
0.0011591196185988858 18273.802774256837 9867.66362485449 5356.173699232685 351.784213638482
0.0011861737164524779 18655.376460239688 10073.676337761313 5467.966027346929 359.1201079042152
0.0012138592626906278 19043.89060763809 10283.430563523123 5581.78638052894 366.58862431336024
0.0012421909954526175 19439.417296838263 10496.963847295428 5697.654911885698 374.191042425722
0.001271183996869029 19842.027087141094 10714.313745885134 5815.591779334841 381.92864202776343
0.0013008537010905706 20251.788902946013 10935.517827335296 5935.617145157903 389.8027027500407
0.0013312159025043078 20668.76991695495 11160.613671655625 6057.751176635168 397.8145043772526
0.0013622867641416468 21093.035430413973 11389.638870853885 6182.014045660196 405.96532665977134
0.0013940828262825771 21524.648750418066 11622.631029143546 6308.425929209524 414.25644939442986
0.001426621015260737 21963.670766759944 11859.626986590607 6437.006579744441 422.6891227281533
0.0014599186524739786 22410.156165645163 12100.65353946599 6567.770193768812 431.26421221363955
0.0014939934636052578 22864.15411336054 12345.730483107736 6700.727094860306 439.98231518946915
0.0015288635880587294 23325.71062054908 12594.877480407411 6835.887531673654 448.8440236927847
0.0015645475886160959 23794.86843504465 12848.11420493705 6973.261757293371 457.8499296081803
0.0016010644613183177 24271.666878148237 13105.460340763828 7112.860028897241 467.00062502059683
0.0016384336455779846 24756.141678081676 13366.93558286283 7254.692608111479 476.2967019074272
0.0016766750345276991 25248.324800734503 13632.559637084465 7398.769760934085 485.7387523788291
0.0017158089856100047 25748.244277831494 13902.352220371666 7545.101757846987 495.32736850094125
0.0017558563314144689 26255.924032655807 14176.333060723724 7693.69887379183 505.06314245953956
0.0017968383907677192 26771.383225847265 14454.520364537757 7844.570540181476 514.9466076655073
0.0018387769800823268 27294.630662925196 14736.913919275394 7997.7159977964075 524.9775924962685
0.0018816944249705557 27825.666064829973 15023.501334293143 8153.12774960768 535.1554588475074
0.0019256135721291987 28364.48343601784 15314.270008366168 8310.79818108791 545.4795605769204
0.0019705578015017985 28911.070917319794 15609.207346073916 8470.719680241375 555.9492513705327
0.0020165510387247466 29465.410571287088 15908.300757693361 8632.884637201343 566.5638850105057
0.0020636177678638587 30027.47816655548 16211.537659407459 8797.28544449923 577.3228153226836
0.0021117830444482445 30597.24296153946 16518.905472873725 8963.914496944739 588.2253960517792
0.0021610725088083765 31174.667487786595 16830.39162547936 9132.764191664082 599.2709810468681
0.002211512399725489 31759.70733333908 17145.983550002187 9303.826927884127 610.4589241404003
0.0022631295683995297 32352.310127806963 17465.665981314567 9477.093609663078 621.7884752840595
0.002315951492743152 32952.40697119797 17789.393431853965 9652.538399517096 633.2577230768092
0.0023700062920093278 33559.91483639583 18117.101466320615 9830.124964721423 644.864028155753
0.002425322741760353 34174.74162343003 18448.725352454476 10009.816808949648 656.604739874639
0.002481930289186255 34796.78599900762 18784.20035224525 10191.577433587248 668.47720769456
0.002539859068780724 35425.93715488958 19123.46172170611 10375.370337606542 680.4787809577077
0.002599139918382933 36062.07457032145 19466.44471042705 10561.159017382673 692.60680901064
0.0026598043955937583 36705.06777915454 19813.08456117213 10748.906966661143 704.8586412329798
0.0027218847945751795 37354.77614231694 20163.316509505905 10938.577676215375 717.2316269006695
0.002785414163241766 38011.048626312884 20517.075783625198 11130.134633910628 729.7231154100979
0.0028504263208534346 38673.72243259224 20874.29339825847 11323.538989185794 742.3302930264816
0.002916955876018796 39342.61161929905 21234.856555160255 11518.72756401806 755.0486496520672
0.0029850382451187293 40017.510907644464 21598.62641697787 11715.622724506247 767.8726673041004
0.003054709671159968 40698.202268271125 21965.463778124235 11914.146636163858 780.796814709078
0.0031260072430687037 41384.454804632165 22335.229406822273 12114.221453808943 793.8155604417358
0.0031989689154345376 42076.02455665905 22707.784044733 12315.76932185337 806.9233730931088
0.003273633528715244 42772.65431844779 23082.9884063244 12518.712373580163 820.1147210720877
0.003350040829913133 43474.073471008254 23460.70317822377 12722.972731293776 833.3840728290271
0.0034282314937339707 44179.997831132336 23840.789018712992 12928.472505807928 846.7258966986731
0.0035082471442397923 44890.1295174525 24223.106557266514 13135.133796347858 860.1346609402093
0.0035901303770070683 45604.15478604755 24607.510279123173 13342.875289000232 873.6045955921323
0.0036739247818020743 46321.725633836635 24993.79521951434 13551.582604582947 887.1276180255403
0.0037596749657854674 47042.46712790387 25381.722931347023 13761.122746235615 900.6943439296641
0.003847426577258502 47765.98805056996 25771.05454021512 13971.362487876293 914.2953743202827
0.0039372263299634795 48491.88097497644 26161.55111720919 14182.168581293283 927.921310095867
0.004029122027951348 49219.72224720856 26552.97367862972 14393.407756419845 941.5627519789525
0.004123162591029753 49949.071999540436 26945.083185157553 14604.946720895188 955.2103005623895
0.004219398080805024 50679.474196233845 27337.640542058427 14816.652160021062 968.854556355721
0.004317879727332021 51410.45671329932 27730.406598488113 15028.390736582382 982.4861195244313
0.004418659956385941 52141.53145359864 28123.142147637915 15240.029091002956 996.0955902906267
0.004521792417370702 52872.18991296585 28515.599117348163 15451.428953644083 1009.6732296344036
0.004627332011878689 53601.86550321403 28907.449410212143 15662.407666814177 1023.2062213603493
0.004735334922917116 54329.950896481 29298.32223734612 15872.75890025201 1036.6801093540191
0.004845858644816496 55055.819672097314 29687.84632623242 16082.276068412215 1050.0804220937273
0.004958962013837212 55778.82687269548 30075.650318106353 16290.752551296331 1063.3926876801938
0.005074705239490466 56498.30941529918 30461.36276901972 16497.981694550697 1076.6024340593817
0.005193149936590212 57213.58656308283 30844.612150874353 16703.756810040162 1089.6951889354991
0.005314359158053242 57923.960459372654 31225.026852527677 16907.87117634637 1102.6564798077404
0.005438397428464796 58628.71672532336 31602.235180936066 17110.11803913137 1115.4718339692145
0.005565330778427646 59327.12512255253 31975.86536319563 17310.29061189343 1128.1267783992184
0.005695226779712825 60018.43302631653 32345.535249477834 17508.17640743409 1140.6064565469985
0.005828154581230846 60701.81084547759 32710.775173171816 17703.51477317539 1152.8927562077245
0.00596418494584246 61376.38065270405 33071.07126477448 17896.020737480085 1164.965922895278
0.006103390288028621 62041.24737813959 33425.909214925516 18085.40910211785 1176.8061893219556
0.006245844712439618 62695.50022979569 33774.774616250405 18271.39462917225 1188.3937878542258
0.006391624053343999 63338.2139764277 34117.15296769861 18453.69204330087 1199.7089505733543
0.006540805914998253 63968.450328750885 34452.52967882201 18632.016033155756 1210.7319094715879
0.0066934697129586605 64585.2594190781 34780.39007522561 18806.08125372686 1221.442896146242
0.006849696716357447 65187.68137904474 35100.219403444426 18975.60232826583 1231.8221421184928
0.007009570091165618 65774.74801465611 35411.50283718722 19140.293850736653 1241.8498785758677
0.0071731749444656125 66345.4706150948 35713.71515384891 19299.864886167354 1251.5060020099304
0.007340598369757212 66898.74339506388 36006.248952257665 19453.980732910048 1260.7677482582499
0.007511929493320969 67433.39998836404 36288.45756808985 19602.28578409477 1269.6110833364999
0.007687259521663728 67948.26772738951 36559.69402723943 19744.424276780257 1278.0119651120483
0.007866681790071581 68442.17067758339 36819.311298460365 19880.040425149207 1285.9463514825234
0.008050291812295982 68913.93248770751 37066.662303166086 20008.77842439172 1293.3901999912096
0.008238187331399601 69362.37937565637 37301.099927601535 20130.28245551621 1300.3194682959038
0.008430468371788968 69786.34324401132 37521.97703395382 20244.1966901326 1306.7101138244125
0.00862723729246145 70184.66491854115 37728.646473369365 20350.165295391263 1312.5380941406731
0.00882859884149515 70556.19750182936 37920.46109871605 20447.832439174166 1317.779366673825
0.009034660211810526 70899.78934959123 38096.7716917964 20536.841797124413 1322.409986310369
0.00924553109823357 71214.15445053682 38256.91351707616 20616.833340167752 1326.4067332527054
0.009461323755890769 71497.95753410537 38400.21486357843 20687.445378839282 1329.7467152015554
0.009682153059967086 71749.88670932897 38526.004044297784 20748.316238939133 1332.4070415699946
0.009908136566858666 71968.65872306579 38633.60944731809 20799.084276463414 1334.3648220121904
0.010139394576752917 72153.02400625499 38722.359553580194 20839.387884830605 1335.5971663910766
0.010376050197669117 72301.77182223863 38791.58295537111 20868.865502283115 1336.0811849758254
0.010618229410993836 72413.73549553452 38840.60837536225 20887.155619551202 1335.7939882699766
0.010866061138545968 72487.79769768039 38868.764686405164 20893.89678787264 1334.7126872873696
0.011119677311206989 72522.89576508042 38875.38093198698 20888.727627086053 1332.8143934279458
0.01137921293915315 72518.01650152136 38859.814769187265 20871.30378658651 1330.0776288749807
0.011644806183726856 72472.13853713943 38821.622723896384 20841.399491354638 1326.4907734612182
0.011916598430985588 72384.28016197859 38760.44631621387 20798.83961734677 1322.0464133719106
0.012194734366967382 72253.536415431 38675.92762410534 20743.449326020538 1316.7371512605807
0.012479362054713113 72079.08495565597 38567.70897967797 20675.053880956995 1310.555590504432
0.012770633013086435 71860.19168384772 38435.432982746206 20593.478653132523 1303.4943351006132
0.013068702297433463 71596.21620168396 38278.74251400935 20498.54912640381 1295.545989856047
0.013373728582124962 71286.61706227632 38097.28074904126 20390.090902786884 1286.7031603512057
0.013685874245025178 70930.95677429989 37890.691171809915 20267.929708150485 1276.9584530504928
0.014005305453932197 70528.90651865712 37658.617589099675 20131.891397969317 1266.3044752320825
0.01433219225503574 70080.28601766995 37400.78666682733 19981.84873356729 1254.7372715978775
0.014666708663439686 69585.26225218023 37117.466904203364 19817.981515292224 1242.2754385400176
0.01500903275579735 69044.20693887005 36809.145356011126 19640.59337321179 1228.94666454207
0.01535934676510897 68457.60256223843 36476.30988718274 19449.988361653624 1214.7786637038487
0.015717837177731626 67826.04245525411 36119.448552901755 19246.470610801687 1199.7991507137558
0.01608469483265355 67150.23068673107 35739.04958251872 19030.344320121658 1184.035840677707
0.016460115023085496 66430.98148316177 35335.60136364105 18801.913751972974 1167.5164490898399
0.016844297600423153 65669.21817627524 34909.59242639074 18561.483225318647 1150.2686918057325
0.0172374470806362 64865.971670291045 34461.51142836871 18309.357109545585 1132.3202850509165
0.017639772753140433 64022.378425685616 33991.84713944893 18045.83981843174 1113.6989453049334
0.018051488792211082 63139.87567907453 33501.22419861532 17771.308303177197 1094.436886514903
0.018472814370996342 62221.18965728147 32991.10372861676 17486.586179528684 1074.5940300216314
0.018903973778192213 61269.50673642991 32463.26486473406 17192.66691194004 1054.2408396995988
0.01934519653744044 60287.984461926746 31919.486978532546 16890.544141145227 1033.4477986265558
0.019796717529513327 59279.73794080164 31361.549012209853 16581.211334594514 1012.2853889260655
0.02025877711735017 58247.82813472287 30791.2294376579 16265.661770169767 990.8240913531961
0.02073162127401229 57195.251157815095 30210.30622063316 15944.88852172163 969.1343853096798
0.0212155017136245 56124.92858948279 29620.556788921484 15619.884446259104 947.2867486963893
0.02171067602537265 55039.698803073785 29023.75800559767 15291.642173426126 925.3516578523199
0.022217407810628847 53942.30930256598 28421.6861468739 14961.15409638755 903.3995875118414
0.02273596682327715 52835.7817645845 27816.159453008615 14629.425826668372 881.5001574255389
0.02326662911331458 51724.97361841084 27209.225992620653 14297.535598011027 859.7183642751223
0.023809677173803584 50615.08257617798 26603.01071289442 13966.585890799759 838.1176460338669
0.02436540009125466 49510.93773340685 25999.63782651458 13637.678886319356 816.76143713764
0.02493409369951878 48417.000746127764 25401.230757258683 13311.916450166309 795.713170106732
0.025516060737271837 47337.37175663688 24809.912151211905 12990.400136446322 775.0362752539286
0.026111611009174595 46275.799015668475 24227.80389611859 12674.231195748092 754.7941809722588
0.026721061550794324 45235.69169211026 23657.02714726963 12364.510585494418 735.0503134977506
0.0273447367973758 44220.13538614888 23099.702361406726 12062.338983360107 715.868097356351
0.02798296875655116 43231.914572898604 22557.920201909885 11768.799812926289 697.3096745369445
0.028636097185081158 42273.63497030393 22033.084039854675 11484.57578824479 679.4069981166322
0.029304469769721415 41347.73425313169 21525.900881577105 11209.943570167039 662.1614209988868
0.02998844231231028 40456.39363821534 21037.04661005373 10945.161692614618 645.5729329283384
0.030688378919176425 39601.557787360405 20567.197019468967 10690.48865644381 629.6415232014325
0.03140465219496752 38784.960560874984 20117.027839869716 10446.18293916175 614.3671812245776
0.032137643441002756 38008.15129349177 19687.21476204611 10212.503004914799 599.7498961259372
0.0328877428582551 37272.12963422022 19278.22809104677 9989.60383929207 585.7845836863673
0.033655349755070944 36575.50872397769 18889.317884076565 9777.025603902845 572.4360122633792
0.0344408727597382 35916.160534701994 18519.285606611036 9574.08240095457 559.6578593802867
0.03524473003801584 35292.094549339 18166.932461308636 9380.088157575168 547.4037865562019
0.03606734951574028 34701.32540772597 17831.015093629067 9194.33748018771 535.6270480895569
0.03690916910662778 34140.393115715975 17509.696865871967 9015.867853812893 524.2755065696406
0.03777063694539365 33604.94000217418 17200.721940241834 8843.53507944912 513.2932137846385
0.03865221162631262 33090.8022552824 16901.812421970553 8676.186258067477 502.6241948214541
0.039554362447347016 32592.549125028545 16610.23812969171 8512.501338776297 492.2142086244941
0.04047756965997322 32103.27093229967 16322.724067275265 8350.958921373121 482.011102200967
0.041422324724838935 31616.27971878982 16035.975031581778 8190.039636845857 471.96463005297863
0.042389130573387786 31124.668544781016 15746.7952094848 8028.341403776197 462.0396804509164
0.04337850187558989 30621.656086094456 15452.042544896543 7864.524458598176 452.2091048548862
0.044390965313921664 30100.622261737328 15148.699701201655 7697.362619104192 442.458007333379
0.04542705986374043 29555.08236576643 14833.91066448338 7525.775596490017 432.78714296803093
0.04648733708020256 28978.90371166973 14505.113334914511 7348.85427709452 423.2076245822519
0.0475723613918789 28366.239858515823 14160.273965499406 7165.990321642353 413.74785445780753
0.04868271040122279 27713.143835540115 13798.038566021842 6976.898591888348 404.4465035284348
0.0498189751920516 27018.410949777957 13418.169932301098 6781.8153357205065 395.3573287962753
0.050981760644204246 26281.560553515912 13021.044198331518 6581.259709233005 386.54249781416127
0.05217168575554349 25502.844575999163 12607.742108483964 6376.069220955816 378.0728223172045
0.053389383971473504 24685.904877459587 12180.380611999177 6167.47930965292 370.01899630270646
0.05463550352214876 23836.799163972977 11741.962279194728 5957.055584678117 362.45002063213366
0.05591070776755293 22962.66667230256 11296.392806618858 5746.6688273553345 355.42837913103904
0.05721567555063246 22072.485170210723 10848.193839159274 5538.357426937774 349.00563211073916
0.05855110155867238 21178.02011280157 10402.523888295855 5334.28474376727 343.21447635105716
0.05991769669310619 20290.75000403837 9964.486989961135 5136.457469102901 338.0681771197544
0.06131618844795775 19421.93446944275 9539.06378789219 4946.709899456694 333.56209500209866
0.06274732129711574 18584.114346583934 9131.113186047263 4766.696032193353 329.6717986285941
0.06421185709064758 17788.519119241315 8744.823180672713 4597.654434539578 326.3482401864108
0.0657105754603627 17044.549290584135 8383.482530911995 4440.328509889751 323.51864920992546
0.0672442742348425 16360.017306590056 8049.3607121689265 4295.008182774063 321.1000937571369
0.06881376986415663 15740.336349761148 7743.718369235845 4161.522855740545 318.99757995110883
0.07041989785449289 15188.202030402632 7466.650954388025 4039.212601529273 317.1090519490323
0.07206351321293053 14702.959455543358 7216.741947861205 3926.9702665394834 315.35370613205964
0.07374549090259547 14281.150130605363 6991.590826500379 3823.4091480912875 313.6654015263566
0.07546672630843887 13916.40056549299 6787.903063354759 3726.9429773831725 311.99976553205283
0.07722813571388643 13598.349843888147 6601.166803861338 3635.868167557668 310.36778044826525
0.07903065678861348 13314.74799668271 6426.490662173057 3548.590611913831 308.8098255620489
0.08087524908770449 13051.825623335155 6258.784301833611 3463.6879837840393 307.39076024514
0.08276289456246344 12793.739050110982 6092.570732148419 3379.9025285692774 306.20936621405554
0.08469459808314585 12524.923156611205 5923.353144215381 3296.506020560169 305.3636890766837
0.08667138797389233 12231.515772294284 5747.579945710151 3213.22719728211 304.94575823881934
0.08869431656014705 11902.736112511771 5562.329661942693 3130.0667797183633 305.0408414504228
0.09076446072885357 11531.318721059208 5367.035496584612 3047.6069571755243 305.6793715941137
0.09288292250172499 11115.775793329422 5162.776338520948 2966.7411036931503 306.8551807387598
0.09505082962189502 10661.628038640607 4951.665716416538 2888.4310140453636 308.5453114240246
0.09726933615426168 10177.986076818454 4737.778825149418 2813.8579422793528 310.7002135084587
0.09953962309984234 9678.715336428726 4525.609834431387 2743.8727649219372 313.23296910189833
0.10186289902446866 9181.419189502434 4319.4167034020775 2678.764062203693 316.01459400634116
0.10424040070215558 8703.578812153037 4123.680289255721 2618.4567394710302 318.87911899269756
0.10667339377348571 8260.68548833644 3941.154428988016 2562.1573981098873 321.6380820258766
0.10916317341936148 7864.858741275454 3772.9379661076878 2508.541679220517 324.1018781851592
0.11171106505048242 7523.360238809541 3619.4141625007337 2456.297913814286 326.1257589277979
0.11431842501291503 7237.376892866557 3479.268872687951 2404.6281207598595 327.74739031602695
0.11698664131013058 7001.763369009491 3350.258414602391 2353.191025214316 329.10239078654166
0.11971713434189657 6805.234308824256 3229.9392352145624 2302.030650188515 330.33744052662945
0.12251135766041178 6634.008362790973 3115.2676852280724 2251.7303228816054 331.6462573498134
0.12537079874409196 6471.824398664921 3003.6902438516863 2203.3364849209283 333.21114017477794
0.12829697978941476 6301.200866807874 2893.5225480878103 2158.2971216002225 335.18190493595023
0.13129145852124655 6107.781638213335 2783.4275687841946 2118.2632615271273 337.68529147320817
0.13435582902208262 5883.871998595453 2673.047759349375 2083.2930195536114 340.5424117142385
0.13749172258064205 5630.052699896059 2562.81960486354 2052.1697615355274 343.36477252426357
0.14070080856026837 5355.855201064235 2453.4803741067108 2023.6281279848147 345.8382187286554
0.14398479528760066 5075.696293403007 2346.4635458475104 1996.2815730178945 347.8441327398213
0.14734543096198344 4804.794195032249 2243.2866217346827 1969.0467486893472 349.4132905427833
0.1507845045861051 4556.3872946530755 2145.025778225821 1941.5476277436658 350.69455057173496
0.15430384691835647 4339.485010963111 2052.527078759653 1914.1173277994035 352.01130269905656
0.15790533144741759 4157.260579556346 1965.7829066409859 1887.0466497720922 353.5382623325706
0.1615908753895919 4006.54533729901 1883.8365153958568 1860.3400032796446 355.2120636329175
0.16536244070941788 3877.1434855050134 1805.382839756354 1833.9929115455016 356.9010774731703
0.16922203516410356 3755.785175058255 1729.2262748866858 1808.0281542170665 358.3954293882385
0.17317171337233528 3629.7505390760834 1654.473930404365 1782.551328245294 359.4815971144572
0.17721357790803585 3490.7691215459854 1580.7671058840579 1757.878625326208 360.0790196480493
0.18134978041964953 3337.022488775353 1508.9358022082388 1734.87649333907 360.3786384106285
0.1855825227755519 3173.0565171625212 1439.902470101186 1714.0878757635433 360.5979541001918
0.18991405823619356 3008.5785342866316 1373.8115945320474 1695.0283358492468 360.78830188927355
0.19434669265360183 2854.725436949539 1310.4037113632696 1676.4824811002668 360.91899403842575
0.19888278569888077 2718.858749033054 1249.3614426867798 1657.6869046056265 360.9479914611123
0.20352475211835758 2602.663147969632 1190.4217049319152 1638.6075143527821 360.84397640612684
0.20827506301905144 2501.352270835538 1133.322140207306 1619.3140989104752 360.5721708372336
0.21313624718414376 2407.436701052828 1077.9721196086577 1600.1006811611253 360.104432692058
0.218110892419152 2313.229752933218 1024.3719498524533 1581.3068733262317 359.4183401582719
0.22320164692952346 2213.4673777075486 972.4120353816808 1562.9573011066589 358.4903968502978
0.22841122073038256 2108.895773152813 921.8343011537961 1544.6515621102733 357.2864216007366
0.23374238708918124 2004.1131093372069 872.4924968718268 1526.0805816218112 355.81021975286234
0.23919798400202372 1904.9747919797655 824.5891807960418 1507.5032234259202 354.1487316268275
0.24478091570444402 1815.5016792686033 778.423862258744 1489.3350980217342 352.4155280996569
0.25049415421745025 1735.9537961159479 734.0047896341875 1471.649871221676 350.6360250723807
0.2563407409296515 1662.6178741572967 690.8985730372431 1453.9872839749592 348.7018029451587
0.26232378821631236 1591.211840483476 648.8354193750781 1436.08654432462 346.5516872300395
0.2684464810961965 1519.170432733468 607.801655389134 1417.9972998945273 344.1966068541116
0.2747120789270809 1446.5746763380007 567.9851052504974 1400.0086516459182 341.70457374554906
0.2811239171408461 1376.0948242548377 529.3069049608685 1382.0617979794383 339.0763203468609
0.28768540901905915 1310.1005502792027 491.5753358880499 1363.9528670635386 336.28458570499504
0.29440004751000337 1249.3356804634893 454.6248714228764 1345.5145234328852 333.3084312237183
0.3012714070881164 1192.6403903036796 418.5886842297046 1326.9698904466409 330.19347010509637
0.3083031456568277 1138.2720267217546 383.62892458390655 1308.5792114264482 326.99069037939364
0.31549900649580886 1084.777958607145 349.693638537611 1290.3214941389208 323.7011539388848
0.3228628202536727 1032.4098364066253 316.61689814118984 1272.0267922292178 320.29939453199364
0.3303985069871855 982.3263517529017 284.21225263677036 1253.4979513655494 316.7551708704693
0.3381100782480682 935.3418965682467 252.46674079503688 1234.7624285679944 313.0785939045922
0.3460016392185109 891.3505526298401 221.41036047560934 1215.9007959698251 309.28943406055953
0.35407739089652696 849.1260093599539 191.06897022780092 1196.9839564844895 305.405913247412
0.362341632332315 808.2426709790248 161.45774615992084 1178.0674865576657 301.44332751804444
0.37079876291681724 768.9340286018397 132.5751544659877 1159.1847670997113 297.41268739668385
0.3794532847236942 731.4865755399607 104.34903144172044 1140.281148243456 293.307985047697
0.3883098049059601 696.0931528904862 76.68122165262245 1121.2692001779137 289.1168896780084
0.39737303814856045 662.4355744607506 49.55009501551965 1102.1541343621502 284.84507558773566
0.4066478091781854 630.1135541184773 22.964135290246755 1082.9776478114466 280.5051836361955
0.41613905533167067 599.1525007767061 -3.078720741166769 1063.7688460720362 276.10651331705736
0.42585182918434145 569.7022245260891 -28.583465624625944 1044.5531229111828 271.6572533045902
0.435791301239703 541.7096286837769 -53.532551967331756 1025.3799830956284 267.17030241578135
0.44596276268190954 515.0109442648218 -77.89297662536697 1006.3154074943334 262.66178047542934
0.4563716281924754 489.5042540175702 -101.67353619549488 987.3739752292684 258.1379185550207
0.46702343883273306 465.1759104438272 -124.96341960676871 968.4715059278465 253.585945922993
0.4779238649935595 442.01355814066693 -147.85628208616612 949.5182723664846 248.99201284373345
0.489078709413959 419.97189578497506 -170.3740440828578 930.5117423179404 244.35886286119953
0.5004939102700954 398.9856938414883 -192.48166538118582 911.5186201972926 239.70241554327367
0.5121755443364241 378.9944248153642 -214.14353957479665 892.6062060297315 235.03868353770113
0.5241298302206061 359.94946028551476 -235.34811135416228 873.8103429733536 230.37720811101113
0.5363631316739235 341.8120058868578 -256.1084395493949 855.1346801884907 225.72090739857484
0.5488819609789666 324.54465713295735 -276.4386985916259 836.5814079939439 221.07239931122334
0.5616929824163804 308.1108694264562 -296.3528675593093 818.1528203789435 216.4343127968162
0.5748030158125351 292.4735927105356 -315.86303985327936 799.8522138911499 211.80938213520878
0.5882190401699956 277.59634474245337 -334.98025186310093 781.6834469625546 207.20040067137447
0.6019481973827274 263.4441824247611 -353.7155283954588 763.6503841257372 202.61016235160798
0.6159977960380169 249.98365371508842 -372.07989431682995 745.7568898310276 198.04146119261412
0.6303753153071282 237.18274291895065 -390.08370736271553 728.0073046625058 193.4971192820072
0.6450884089267687 225.010828374357 -407.7326924334655 710.4092756422242 188.9801534521978
0.6601449092734883 213.43861625679182 -425.0306096741349 692.9718523209345 184.49366326933983
0.6755528315331639 202.43808160510682 -441.98121198223953 675.7040890501415 180.04074858536063
0.6913203779678128 191.98241883705313 -458.58825267449714 658.6150401874618 175.62450919405308
0.7074559422819878 182.04599390884383 -474.8554850630939 641.7137600046773 171.24804490636322
0.7239681140910876 172.6042980580888 -490.78666272346544 625.0093023476838 166.91445546059305
0.7408656834939568 163.63391405987971 -506.3863617809504 608.508956183601 162.6263589331982
0.7581576457522102 155.11249491323073 -521.6619376556935 592.2140467193706 158.38474576500784
0.7758532060787828 147.01868694842426 -536.6213322721804 576.1246404024856 154.19026287642606
0.7939617845382275 139.33208221901697 -551.2724876611285 560.2408037708947 150.0435572074539
0.8124930210614048 132.03318086791438 -565.6233458757713 544.5626033976621 145.94527568918838
0.8314567805772064 125.10335473750041 -579.6818491580743 529.0901057839537 141.8960651892459
0.8508631582640581 118.52481219787408 -593.4559397419337 513.8233774213073 137.89657273324582
0.8707224849239922 112.28056416682281 -606.9535599328582 498.76248487839115 133.9474451472895
0.8910453324821503 106.35439129341576 -620.1826524220916 483.90749413537026 130.04932930247185
0.9118425196146562 100.73080871258068 -633.1516965647523 469.2571685601061 126.20249160719506
0.933125117507824 95.39502905493686 -645.8708784711197 454.80612957274127 122.40598922199437
0.9549044557518078 90.33294388031959 -658.3507227027775 440.54817700160197 118.65863950283466
0.9771921283717997 85.53109731817614 -670.6017537561205 426.47711106292485 114.9592597179826
1.0 80.97665827094391 -682.6344962891212 412.5867317547531 111.30666728784726
